-1.5676740797278288 -1.4570028660331586E-14 -4.4231539580357E-15 -6.645710389874097E-16 1.267210549352272E-15 4.0511878362175585E-9 4.905405701946543E-12 5.838100871037591E-12 -5.657555400860126E-17 8.426948150753782E-17 -5.887931157156555E-18 1.4622109275186905E-15 6.384672132388115E-9 6.450437270662157E-10 -7.441439421270458E-11 -3.572102086660126E-10 -0.9172405024138696 0.0031204417279435195 0.0631002509735944 7.925452585579246E-9 -2.0540438922875005E-8 0.12515567429800728 -0.010684949507857958 0.03435712260169274 -7.900825816069962E-11 -3.0410978317365E-8 -0.03665533992222984 -0.01347067779034684 0.029375130935927113 0.005619427007295514 0.035400098520715746 -0.008647475148665098 
-1.4570028660331586E-14 -1.5676740796116775 -6.568098878499554E-16 -3.454904719738238E-15 -1.3204462458324047E-15 -4.905863068768418E-12 4.051192466218524E-9 -5.2120934153003604E-15 -6.733909283693728E-17 -1.12203939893715E-17 1.3840491888355666E-17 6.901681364254183E-17 6.450500711043193E-10 -6.3851089728587505E-9 -3.1861719221745613E-12 1.2024673380353179E-8 0.002842148060533352 -1.0284270379734899 0.0015797136316158214 8.864110306709434E-9 8.520085077486485E-10 0.007753529112098867 0.18032325759930784 0.0011397418000068577 -3.2320090746919923E-9 -8.267445569212867E-10 -0.001109779438686942 -3.8930198039968314E-4 0.001769011808103408 -0.02882725451455993 9.475855809923384E-4 0.2916817430665709 
-4.4231539580357E-15 -6.568098878499554E-16 -1.567674079445586 -4.0696904972782697E-16 1.2256129995406298E-16 5.838431889819312E-12 1.767157585137036E-15 -4.051190196486301E-9 4.478432598722937E-17 3.652094386905733E-16 -6.227733644070888E-17 -2.2454702877181817E-15 7.437086175082964E-11 4.310584978692219E-12 6.417110508570016E-9 -9.235392925020868E-12 -0.04508441818532338 -0.0011414102142696368 1.0194894566348847 -4.383900426187118E-9 -3.233970168681964E-8 0.02793729593676706 -0.0013351413984089323 0.018775637125670576 -1.2156054893968423E-9 -7.475766174419568E-8 -0.047399493782121487 0.011248331836706133 0.14375130916243437 0.025770911807434484 -0.13442115523648104 -2.2027457098117384E-4 
-6.645710389874097E-16 -3.454904719738238E-15 -4.0696904972782697E-16 -1.5659318614088733 4.967226354644509E-15 -2.5945677965583287E-18 -6.486594191941193E-17 3.793733515809923E-17 -3.821553396086383E-9 -4.4379303370152594E-11 -1.4858990112169348E-16 9.483759395307451E-17 -1.0925455793648573E-16 8.002572732778557E-17 2.77740515217909E-17 5.153082694507962E-16 -4.2567159590150097E-8 -2.225575624904865E-8 1.1585523265381483E-8 -1.036376690418727 4.602382105866544E-5 2.9041546930052973E-8 -3.1773384625029284E-8 -3.1376200030152983E-8 0.1551229865663664 0.001788091664830532 8.080057794165331E-9 8.167423117284704E-10 -9.215827116682788E-9 -6.714472960680509E-8 -3.075548458509952E-8 3.116865786528241E-8 
1.267210549352272E-15 -1.3204462458324047E-15 1.2256129995406298E-16 4.967226354644509E-15 -1.5659318613106608 5.484964496923182E-17 -2.2949861397487736E-18 -4.110048176143589E-16 4.428993332869675E-11 -3.824174614728178E-9 -9.264175864463002E-17 1.7246233856305754E-16 4.2544603949641384E-16 7.208529968181139E-18 5.391022769352004E-16 1.9803564463228783E-16 7.392150203174225E-8 1.0258370335747876E-9 4.023560271492908E-9 4.613088764573872E-5 1.036066814100666 -8.142126824280564E-8 -1.218807823468384E-8 5.3144079164702894E-8 -0.0017877320815827629 0.15509888304593308 -2.0010284250032163E-6 -2.9635866046557695E-7 2.3806118991992355E-7 2.0996226552060385E-8 -6.928425716806857E-8 1.0160710235053761E-8 
4.0511878362175585E-9 -4.905863068768418E-12 5.838431889819312E-12 -2.5945677965583287E-18 5.484964496923182E-17 -0.3000629460904551 -4.824982000847171E-15 -1.1882431658692791E-14 1.8477500569158734E-15 -3.787575427464707E-15 1.435239343761472E-17 2.2287222956813715E-15 -4.5407528816519367E-8 -4.6430515584059216E-9 4.635278479062397E-10 -6.256053166011079E-10 0.0028633980533786805 6.168537420884924E-5 -0.004639769519186174 -1.7917530589236065E-9 -1.5530774821354438E-9 -0.059022013428986 3.7931860953743286E-4 -0.0016110150840084837 -6.305961894206933E-9 2.6025361439276616E-8 0.009680581922693061 0.0011645100601250916 0.027383229700945092 0.007272349984085163 -8.744862059543816E-4 -0.0015140589034373531 
4.905405701946543E-12 4.051192466218524E-9 1.767157585137036E-15 -6.486594191941193E-17 -2.2949861397487736E-18 -4.824982000847171E-15 -0.3000629460487226 -2.67097394034426E-16 1.0872790649959032E-14 4.625595900733239E-15 -4.266967762872634E-19 1.1007880329863511E-16 -4.643053507521575E-9 4.5409910045350904E-8 2.3284661229940667E-11 2.023323186446661E-8 6.828882738168187E-5 8.117987669709599E-4 -1.3334040201599414E-4 -7.889880890704366E-9 3.5871500099492812E-9 -2.871004595676615E-4 0.0685660784996271 -5.384510065149643E-5 -2.2292519408531033E-8 -8.771094484164234E-9 2.9425534350145964E-4 3.484956706668107E-5 0.003112593351455143 -0.08325877297686915 -2.571130495550365E-5 0.048872419834421206 
5.838100871037591E-12 -5.2120934153003604E-15 -4.051190196486301E-9 3.793733515809923E-17 -4.110048176143589E-16 -1.1882431658692791E-14 -2.67097394034426E-16 -0.3000629459941764 -1.1794835852331606E-16 1.2774804466433711E-15 -5.43285402084775E-17 3.8670194416810756E-15 4.6349917480066317E-10 2.3986331180984812E-11 4.564389978420122E-8 1.464763243210801E-11 -0.003037764238544207 -8.221869053405494E-5 -0.013346714612346494 -2.175617037829887E-9 3.4790640099428117E-9 0.0013965182080831993 -6.391955111556114E-5 0.06613740924476852 3.4388994645353273E-9 1.3468318159027485E-8 0.006371420072721227 0.0011529912488414593 0.005208933061749784 9.397223460897097E-4 -0.012528674638690599 3.606343139119685E-5 
-5.657555400860126E-17 -6.733909283693728E-17 4.478432598722937E-17 -3.821553396086383E-9 4.428993332869675E-11 1.8477500569158734E-15 1.0872790649959032E-14 -1.1794835852331606E-16 -0.29376388280404303 -2.4780262241027816E-15 3.0457369180631266E-18 2.017788817495516E-17 -5.963939096195603E-16 2.4197758580692E-15 -7.990824948282957E-17 1.3658830882827629E-15 4.2296823238823075E-9 -2.676354531992996E-9 4.696006111097953E-10 0.01807861982343992 2.0904874798234225E-4 -8.6662537249017E-9 6.870881188196645E-8 -6.99001195825978E-9 -0.1003304488643101 7.810296649630172E-6 -2.679593141623036E-8 3.091086234698515E-10 4.787269778368881E-9 -1.5844238997114569E-9 -7.973207833035382E-10 -8.7291268539692E-9 
8.426948150753782E-17 -1.12203939893715E-17 3.652094386905733E-16 -4.4379303370152594E-11 -3.824174614728178E-9 -3.787575427464707E-15 4.625595900733239E-15 1.2774804466433711E-15 -2.4780262241027816E-15 -0.293763882772214 -2.6434593923378294E-18 8.949500012290974E-17 5.886805473944301E-16 1.1784155737769973E-15 -2.249597751057157E-16 5.252369156549332E-16 -7.535805705829699E-9 -1.8575799109334277E-9 -5.507356038341997E-9 2.090640997873427E-4 -0.018085218327116036 2.984219147844504E-8 2.8430941860518158E-8 -5.515984900698999E-9 -7.783205391399973E-6 -0.10046916885038237 2.267961460068511E-7 3.72483511711502E-8 -1.678574626623702E-8 -4.294899321046217E-9 1.1374307167466972E-8 -3.2311522828363777E-9 
-5.887931157156555E-18 1.3840491888355666E-17 -6.227733644070888E-17 -1.4858990112169348E-16 -9.264175864463002E-17 1.435239343761472E-17 -4.266967762872634E-19 -5.43285402084775E-17 3.0457369180631266E-18 -2.6434593923378294E-18 -0.2502881002885339 -7.590183939400775E-8 6.632802200226056E-16 6.0332243977757284E-18 -1.4835665229829596E-15 -1.603828840067349E-16 -0.004077933468806937 -1.2410516198545086E-4 0.004022170399554556 6.1745124481328565E-9 -1.3705485608910984E-8 0.006150671130089533 -2.571138235481291E-4 -0.0033344158890429385 -7.70843538163339E-9 8.968990641585674E-8 -0.020655574317369692 -0.005305866712799989 0.006598770639804249 0.001168158330042989 -0.004694849967677681 5.211045114065996E-7 
1.4622109275186905E-15 6.901681364254183E-17 -2.2454702877181817E-15 9.483759395307451E-17 1.7246233856305754E-16 2.2287222956813715E-15 1.1007880329863511E-16 3.8670194416810756E-15 2.017788817495516E-17 8.949500012290974E-17 -7.590183939400775E-8 0.6995056383089054 3.097420748440674E-15 3.740711666611241E-16 -4.052660758425837E-15 4.0210204969810174E-17 -0.0012495838303147953 -3.7467684412394955E-5 8.026633171741335E-4 -5.130837310262358E-10 -6.583951133646323E-9 2.6425218450475124E-4 -1.094040515166999E-5 2.6413969177250515E-4 -1.6475059239973774E-8 1.2090793459072592E-7 -0.02480876082293899 -0.030235066189887617 -0.02365645565760387 -0.0042143706070998975 0.02002278666795123 -1.2255644409995653E-6 
6.384672132388115E-9 6.450500711043193E-10 7.437086175082964E-11 -1.0925455793648573E-16 4.2544603949641384E-16 -4.5407528816519367E-8 -4.643053507521575E-9 4.6349917480066317E-10 -5.963939096195603E-16 5.886805473944301E-16 6.632802200226056E-16 3.097420748440674E-15 0.7055627783983797 -1.5840756020170506E-15 3.167626958303125E-14 2.5521416978299934E-9 0.04481593518786379 0.005560814132213251 -0.0019992671900719663 -8.765059278364052E-9 -1.804048091357963E-8 -0.02993390390882068 0.005042633596624942 -8.413448549885414E-4 -4.5687437941752725E-9 -5.634565365673779E-9 -0.014325892678432834 -5.210598535893702E-4 -0.026455342511877516 0.008694313532448051 -0.005889574517633564 7.678841428495843E-4 
6.450437270662157E-10 -6.3851089728587505E-9 4.310584978692219E-12 8.002572732778557E-17 7.208529968181139E-18 -4.6430515584059216E-9 4.5409910045350904E-8 2.3986331180984812E-11 2.4197758580692E-15 1.1784155737769973E-15 6.0332243977757284E-18 3.740711666611241E-16 -1.5840756020170506E-15 0.7055627783988279 2.2555754151807536E-15 -3.5896415390839844E-8 0.004933055233776643 -0.05922540959813859 -1.5327370474640622E-4 1.610447541867396E-8 -7.560414731949985E-9 -0.0033164406672047844 -0.05285605181449721 -6.216773042651107E-5 3.302333076980818E-8 1.4418787428036228E-8 -0.0010294356793669652 -3.4394490948973644E-5 0.0031808280443213757 -0.1845929214449912 -4.480019829391208E-4 -0.01072794456692511 
-7.441439421270458E-11 -3.1861719221745613E-12 6.417110508570016E-9 2.77740515217909E-17 5.391022769352004E-16 4.635278479062397E-10 2.3284661229940667E-11 4.564389978420122E-8 -7.990824948282957E-17 -2.249597751057157E-16 -1.4835665229829596E-15 -4.052660758425837E-15 3.167626958303125E-14 2.2555754151807536E-15 0.7055627784086482 -3.309277598294078E-11 2.8469110460301657E-4 -1.4063316605559121E-5 -0.0554579808497842 3.9798619926717776E-9 -9.793115035242295E-9 -3.4117810171740385E-4 -6.265608853464182E-6 -0.03454671083045612 -2.572456875743782E-9 -4.202932471433491E-9 0.0074360979315364305 -0.0037820605142006346 -0.020881816521332176 -0.0038542806416514887 0.013253682077459037 -8.749217098021843E-6 
-3.572102086660126E-10 1.2024673380353179E-8 -9.235392925020868E-12 5.153082694507962E-16 1.9803564463228783E-16 -6.256053166011079E-10 2.023323186446661E-8 1.464763243210801E-11 1.3658830882827629E-15 5.252369156549332E-16 -1.603828840067349E-16 4.0210204969810174E-17 2.5521416978299934E-9 -3.5896415390839844E-8 -3.309277598294078E-11 0.9254045434192316 -0.004362673599088727 0.14900473826778968 1.5157439550449935E-4 1.2654804395349935E-8 -3.518219813460974E-9 -3.6933339652968014E-4 -0.015739807206194372 -1.5904293222588126E-5 2.0460495166517792E-8 9.973572426839559E-9 4.030536386166678E-6 -4.926119830873157E-7 0.002996838992258377 -0.11041779941255361 -9.859808581219314E-6 -0.07409188339154099 
-0.9172405024138696 0.002842148060533352 -0.04508441818532338 -4.2567159590150097E-8 7.392150203174225E-8 0.0028633980533786805 6.828882738168187E-5 -0.003037764238544207 4.2296823238823075E-9 -7.535805705829699E-9 -0.004077933468806937 -0.0012495838303147953 0.04481593518786379 0.004933055233776643 2.8469110460301657E-4 -0.004362673599088727 7.692065765564319 0.036582627691472816 -1.9207847900331334 -1.0875015962974683E-6 -1.5131368778324163E-6 -3.1223882876630706 0.15256550324315965 -0.9983521224605426 -2.9636877057115287E-7 1.730160954172813E-6 1.3018969636357922 0.15125182397390238 -0.3853650469711541 -0.07382712497491814 -0.19036234638279356 0.03632142178661258 
0.0031204417279435195 -1.0284270379734899 -0.0011414102142696368 -2.225575624904865E-8 1.0258370335747876E-9 6.168537420884924E-5 8.117987669709599E-4 -8.221869053405494E-5 -2.676354531992996E-9 -1.8575799109334277E-9 -1.2410516198545086E-4 -3.7467684412394955E-5 0.005560814132213251 -0.05922540959813859 -1.4063316605559121E-5 0.14900473826778968 0.03658262769147244 6.690584881626284 -0.05335517728565978 -4.1971477024163926E-6 1.4304255670470306E-6 -0.10853955484022398 -0.6735318744962339 -0.029886726999886613 -6.442192580199187E-7 -2.3726777072824676E-7 0.03955795104172569 0.004541283925674769 -0.020751786939996655 0.30259765373496106 -0.0049062829970043095 -1.2753866910243759 
0.0631002509735944 0.0015797136316158214 1.0194894566348847 1.1585523265381483E-8 4.023560271492908E-9 -0.004639769519186174 -1.3334040201599414E-4 -0.013346714612346494 4.696006111097953E-10 -5.507356038341997E-9 0.004022170399554556 8.026633171741335E-4 -0.0019992671900719663 -1.5327370474640622E-4 -0.0554579808497842 1.5157439550449935E-4 -1.9207847900331323 -0.05335517728565982 4.952498468940495 8.693871583965096E-7 3.7160980225738255E-7 1.2083251153652157 -0.05156283165858778 -0.29970120672469125 7.534552016108184E-8 -1.2682303070873002E-6 -1.3257000035805977 -0.09862944124211519 1.5827221607953073 0.28348008683494114 -1.4274055591431145 -0.001037908046715944 
7.925452585579246E-9 8.864110306709434E-9 -4.383900426187118E-9 -1.036376690418727 4.613088764573872E-5 -1.7917530589236065E-9 -7.889880890704366E-9 -2.175617037829887E-9 0.01807861982343992 2.090640997873427E-4 6.1745124481328565E-9 -5.130837310262358E-10 -8.765059278364052E-9 1.610447541867396E-8 3.9798619926717776E-9 1.2654804395349935E-8 -1.0875015962518776E-6 -4.197147702452144E-6 8.693871584256746E-7 1.1647943576586328 2.1796067630738608E-8 5.376315428377317E-7 2.055548711207425E-7 -3.1126370720925827E-7 -0.606290074535502 -0.00696315082215614 -1.0401286372507031E-7 -1.74338235735029E-7 8.639144032183271E-8 -4.9450474423136826E-8 -1.0955504825310887E-7 3.424562639772439E-7 
-2.0540438922875005E-8 8.520085077486485E-10 -3.233970168681964E-8 4.602382105866544E-5 1.036066814100666 -1.5530774821354438E-9 3.5871500099492812E-9 3.4790640099428117E-9 2.0904874798234225E-4 -0.018085218327116036 -1.3705485608910984E-8 -6.583951133646323E-9 -1.804048091357963E-8 -7.560414731949985E-9 -9.793115035242295E-9 -3.518219813460974E-9 -1.5131368778298414E-6 1.4304255670678338E-6 3.716098021666484E-7 2.1796068020773563E-8 1.1629158221551679 3.2602813277854855E-7 -3.28140668761493E-8 3.102080171473996E-7 -0.006957214545270304 0.606315734746671 1.5614362892241434E-6 -7.347457749282305E-8 -5.272108333967109E-7 -7.832509209229242E-8 2.7543297842368326E-7 -9.323744251764925E-8 
0.12515567429800728 0.007753529112098867 0.02793729593676706 2.9041546930052973E-8 -8.142126824280564E-8 -0.059022013428986 -2.871004595676615E-4 0.0013965182080831993 -8.6662537249017E-9 2.984219147844504E-8 0.006150671130089533 2.6425218450475124E-4 -0.02993390390882068 -0.0033164406672047844 -3.4117810171740385E-4 -3.6933339652968014E-4 -3.122388287663077 -0.10853955484022502 1.2083251153652153 5.376315428228646E-7 3.260281327614605E-7 2.9812187123184293 -0.07110808066262911 0.4470632839295218 2.757364797264676E-7 -1.375725397933171E-6 -1.0674915875692408 -0.07978066197230953 0.5115366966949412 0.06285422875940627 -0.09190674888184792 0.03311649047889868 
-0.010684949507857958 0.18032325759930784 -0.0013351413984089323 -3.1773384625029284E-8 -1.218807823468384E-8 3.7931860953743286E-4 0.0685660784996271 -6.391955111556114E-5 6.870881188196645E-8 2.8430941860518158E-8 -2.571138235481291E-4 -1.094040515166999E-5 0.005042633596624942 -0.05285605181449721 -6.265608853464182E-6 -0.015739807206194372 0.1525655032431607 -0.6735318744962361 -0.05156283165858796 2.055548711210737E-7 -3.281406688161679E-8 -0.07110808066262925 2.482502972787946 -0.019220654786097875 2.7215480174764333E-7 1.8449201359419894E-7 0.045102452690211 0.0034417661991111587 0.009661347843566462 -1.146844051066033 0.003526550029448989 1.4656360846581684 
0.03435712260169274 0.0011397418000068577 0.018775637125670576 -3.1376200030152983E-8 5.3144079164702894E-8 -0.0016110150840084837 -5.384510065149643E-5 0.06613740924476852 -6.99001195825978E-9 -5.515984900698999E-9 -0.0033344158890429385 2.6413969177250515E-4 -8.413448549885414E-4 -6.216773042651107E-5 -0.03454671083045612 -1.5904293222588126E-5 -0.9983521224605388 -0.029886726999886606 -0.2997012067246917 -3.1126370720811986E-7 3.102080171581857E-7 0.44706328392952166 -0.019220654786097875 2.2698508227641345 1.2194074507463498E-7 4.646644505952469E-7 0.10094647284212124 -0.0808721498515978 -0.20592796907461272 -0.03869147258715503 0.32974492391639376 0.0010081403724272718 
-7.900825816069962E-11 -3.2320090746919923E-9 -1.2156054893968423E-9 0.1551229865663664 -0.0017877320815827629 -6.305961894206933E-9 -2.2292519408531033E-8 3.4388994645353273E-9 -0.1003304488643101 -7.783205391399973E-6 -7.70843538163339E-9 -1.6475059239973774E-8 -4.5687437941752725E-9 3.302333076980818E-8 -2.572456875743782E-9 2.0460495166517792E-8 -2.963687705733213E-7 -6.442192580036828E-7 7.534552013755465E-8 -0.6062900745355012 -0.006957214545270327 2.7573647974580705E-7 2.7215480172984886E-7 1.2194074508904132E-7 1.8223694455389705 -1.159807104650793E-6 -3.112798874617493E-7 1.3357621093094572E-7 1.9287838609827407E-7 -4.4830702563452E-7 -1.0713342382245037E-7 -2.5627462913246977E-7 
-3.0410978317365E-8 -8.267445569212867E-10 -7.475766174419568E-8 0.001788091664830532 0.15509888304593308 2.6025361439276616E-8 -8.771094484164234E-9 1.3468318159027485E-8 7.810296649630172E-6 -0.10046916885038237 8.968990641585674E-8 1.2090793459072592E-7 -5.634565365673779E-9 1.4418787428036228E-8 -4.202932471433491E-9 9.973572426839559E-9 1.7301609541610222E-6 -2.372677707353144E-7 -1.2682303070203507E-6 -0.006963150822156204 0.6063157347466706 -1.3757253979100453E-6 1.8449201361331478E-7 4.646644505982725E-7 -1.1598071045893323E-6 1.8227605384011756 4.938497160576961E-6 6.164536784527991E-8 -1.950686690385828E-6 -5.536343672668509E-7 1.403505314393959E-6 -1.1347724354729529E-7 
-0.03665533992222984 -0.001109779438686942 -0.047399493782121487 8.080057794165331E-9 -2.0010284250032163E-6 0.009680581922693061 2.9425534350145964E-4 0.006371420072721227 -2.679593141623036E-8 2.267961460068511E-7 -0.020655574317369692 -0.02480876082293899 -0.014325892678432834 -0.0010294356793669652 0.0074360979315364305 4.030536386166678E-6 1.3018969636357896 0.03955795104172531 -1.3257000035805981 -1.0401286390634892E-7 1.561436289299631E-6 -1.067491587569235 0.04510245269021068 0.10094647284212196 -3.1127988759976823E-7 4.938497160648735E-6 5.569505005262077 1.1093388250621177 -1.619168457702416 -0.28728590504039025 1.2052841669421435 -1.4272074223807392E-4 
-0.01347067779034684 -3.8930198039968314E-4 0.011248331836706133 8.167423117284704E-10 -2.9635866046557695E-7 0.0011645100601250916 3.484956706668107E-5 0.0011529912488414593 3.091086234698515E-10 3.72483511711502E-8 -0.005305866712799989 -0.030235066189887617 -5.210598535893702E-4 -3.4394490948973644E-5 -0.0037820605142006346 -4.926119830873157E-7 0.15125182397390347 0.004541283925674641 -0.09862944124211537 -1.7433823580829396E-7 -7.347457766923715E-8 -0.07978066197230992 0.0034417661991110247 -0.08087214985159723 1.3357621101621822E-7 6.164536773389846E-8 1.1093388250621243 3.60503152540882 0.27731867310466873 0.050241437501364124 -0.33706262296409806 -2.314887972520087E-6 
0.029375130935927113 0.001769011808103408 0.14375130916243437 -9.215827116682788E-9 2.3806118991992355E-7 0.027383229700945092 0.003112593351455143 0.005208933061749784 4.787269778368881E-9 -1.678574626623702E-8 0.006598770639804249 -0.02365645565760387 -0.026455342511877516 0.0031808280443213757 -0.020881816521332176 0.002996838992258377 -0.38536504697115653 -0.02075178693999691 1.5827221607953106 8.63914403045939E-8 -5.272108334470721E-7 0.5115366966949444 0.009661347843566648 -0.20592796907461275 1.928783861305833E-7 -1.950686690401778E-6 -1.6191684577024181 0.27731867310466796 2.9263882040691835 0.4608217672762787 -2.50633002056891 -0.0025773176876605023 
0.005619427007295514 -0.02882725451455993 0.025770911807434484 -6.714472960680509E-8 2.0996226552060385E-8 0.007272349984085163 -0.08325877297686915 9.397223460897097E-4 -1.5844238997114569E-9 -4.294899321046217E-9 0.001168158330042989 -0.0042143706070998975 0.008694313532448051 -0.1845929214449912 -0.0038542806416514887 -0.11041779941255361 -0.07382712497491799 0.3025976537349602 0.2834800868349413 -4.945047443751606E-8 -7.832509205215407E-8 0.06285422875940636 -1.1468440510660325 -0.03869147258715507 -4.4830702564583973E-7 -5.53634367270877E-7 -0.28728590504039053 0.050241437501363805 0.4608217672762797 2.3304468120155826 -0.450732496756845 0.10443287328320579 
0.035400098520715746 9.475855809923384E-4 -0.13442115523648104 -3.075548458509952E-8 -6.928425716806857E-8 -8.744862059543816E-4 -2.571130495550365E-5 -0.012528674638690599 -7.973207833035382E-10 1.1374307167466972E-8 -0.004694849967677681 0.02002278666795123 -0.005889574517633564 -4.480019829391208E-4 0.013253682077459037 -9.859808581219314E-6 -0.19036234638279187 -0.004906282997004077 -1.427405559143111 -1.0955504833090038E-7 2.7543297838763354E-7 -0.0919067488818488 0.0035265500294490047 0.32974492391639276 -1.0713342381106624E-7 1.4035053144321094E-6 1.2052841669421461 -0.3370626229640976 -2.5063300205689067 -0.4507324967568447 2.5977499854572366 7.684585218121294E-6 
-0.008647475148665098 0.2916817430665709 -2.2027457098117384E-4 3.116865786528241E-8 1.0160710235053761E-8 -0.0015140589034373531 0.048872419834421206 3.606343139119685E-5 -8.7291268539692E-9 -3.2311522828363777E-9 5.211045114065996E-7 -1.2255644409995653E-6 7.678841428495843E-4 -0.01072794456692511 -8.749217098021843E-6 -0.07409188339154099 0.03632142178660885 -1.275386691024372 -0.0010379080467148426 3.424562639652821E-7 -9.323744249804425E-8 0.033116490478900105 1.4656360846581595 0.0010081403724274637 -2.562746291481348E-7 -1.1347724356410784E-7 -1.4272074223910125E-4 -2.3148879724803867E-6 -0.0025773176876593995 0.10443287328320587 7.684585217915543E-6 2.550815789049171 
