0.0 -2.7302347227989165E-19 6.648977025374743E-19 6.793237324203991E-19 -1.1589733028008571E-18 1.2726769294169369E-18 -4.211335006992344E-18 -1.817581827063999E-17 -1.165199698066697E-19 -5.961791975207793E-18 5.451100177594598E-18 -5.655597216196029E-19 1.6032249196380272E-17 6.334830372339354E-19 -1.325027536024193E-18 -4.164345668127774E-19 -1.0976215672443181E-4 -3.498759105921782E-6 1.5355662976106283E-4 4.8068250610711E-10 -4.3772641134607166E-11 -6.531633743402981E-6 2.238838382109639E-7 9.614562091226982E-5 2.474285174581512E-10 -6.845648680283686E-10 7.293647616976182E-4 0.007066571075776704 1.4332304766487633E-5 1.6042836324589724E-6 9.399203291751538E-5 4.1651397860935317E-8 
2.7302347227989165E-19 0.0 -6.257174656432876E-19 -5.932373917107804E-19 9.252139228497497E-20 -9.645463609766462E-20 -1.370353745549164E-17 -1.0852837111364175E-18 -6.932343460636421E-18 1.3520001949094126E-17 -1.0726790812635462E-18 -3.3323598341494553E-18 1.985898523339759E-18 1.3888896016260431E-18 1.784725716825025E-17 -1.444959832652797E-18 -3.2915829378151263E-6 -1.0046297104550416E-7 4.537436850325767E-6 -1.6634489791655246E-10 1.641128065477297E-9 -2.296050140461173E-7 6.863260252570025E-9 2.835826557810941E-6 -5.721636669375125E-10 -1.344430735312994E-10 2.211651793708532E-5 2.0420454340203448E-4 2.1881228021827764E-7 1.28144666933692E-8 2.787660509555829E-6 -4.819133499478697E-10 
-6.648977025374743E-19 6.257174656432876E-19 0.0 -3.010159879917221E-19 1.0577445937978427E-18 1.726564166414584E-18 -7.521194727149139E-18 1.4277534419359283E-17 4.810458926134782E-18 1.6768915260211955E-17 2.8475395836093224E-18 -1.4905968346134195E-17 -3.451694332519246E-17 -1.555777012521373E-18 2.0415743960094782E-18 8.201244310557053E-18 1.2861392051729273E-4 3.7726609326834138E-6 -5.306217202850151E-4 -3.257344120177767E-10 2.011535449010219E-10 -8.55756462894342E-5 3.6873518531870395E-6 -3.267278344314998E-6 1.2879426853391017E-10 6.50955153585072E-10 0.0010101555805566698 -0.005927788549344576 -3.4245149367970304E-4 -5.8925353733141515E-5 4.785719880243625E-5 9.786365556764604E-8 
-6.793237324203991E-19 5.932373917107804E-19 3.010159879917221E-19 0.0 -4.284377846815344E-19 -1.2171648385085032E-17 3.304555734671528E-18 -7.170041254279046E-18 2.9159340819800804E-18 1.1780394850479594E-17 -5.894630699732775E-19 -1.9938669609756355E-18 4.2779465175527443E-19 -1.9690848779777306E-17 -7.655874206533491E-18 8.273900960431567E-18 3.160202095300181E-10 -9.70311142873737E-11 -3.2868575422968624E-10 0.005559511875086331 -2.0981148899401443E-6 4.674393624483407E-12 -3.434731659704154E-10 -6.644687466613583E-10 0.0016378977645850692 4.574782738669314E-6 -3.5238663027679194E-10 -9.70992352777139E-10 1.0916184242073992E-10 -4.2438878621702286E-10 -2.393663807803632E-10 3.528411901522086E-10 
1.1589733028008571E-18 -9.252139228497497E-20 -1.0577445937978427E-18 4.284377846815344E-19 0.0 8.9506800784926E-18 4.759868042883156E-18 7.598611801448896E-18 1.7126648024276717E-17 -7.776387707402339E-18 -4.896642331319405E-19 2.6020620464457106E-18 1.2466521729847935E-18 2.4536214520966672E-17 -1.909439076035155E-17 8.004155566145132E-18 4.0479611978370403E-10 -1.026574764281964E-9 -1.0093747966819863E-9 5.721460725422506E-7 -0.02878578075352598 -1.4827587612502246E-10 4.771194269236204E-11 6.621782912403345E-10 5.9694047237007625E-6 -0.0017587633002285202 5.560647461448097E-8 1.6060752317549852E-7 -2.0379807162045148E-9 -3.9529291674140797E-10 8.122301967039283E-10 4.343149864725367E-10 
-1.2726769294169369E-18 9.645463609766462E-20 -1.726564166414584E-18 1.2171648385085032E-17 -8.9506800784926E-18 0.0 -1.4458310606329685E-19 -2.519741038346782E-19 1.0050849938727675E-17 -1.8592422202683186E-17 -8.75828164202431E-18 1.2832837630141278E-17 -7.878213737742845E-18 5.514013260238697E-18 1.0108800558081915E-17 6.002931182587658E-18 4.888145605887434E-6 1.8020215377704046E-7 -6.332804844810789E-5 1.350842544611989E-10 6.260451242742648E-10 -3.851479808474993E-5 1.6481623450553905E-6 -2.3916460449465407E-5 1.378235202869347E-10 -4.194846689728714E-11 -9.629901571523213E-4 -0.003189132105952654 1.1013603848318153E-4 1.8941796661333528E-5 -1.643899445299315E-5 -2.5428887591668603E-9 
4.211335006992344E-18 1.370353745549164E-17 7.521194727149139E-18 -3.304555734671528E-18 -4.759868042883156E-18 1.4458310606329685E-19 0.0 -1.6700542888922583E-18 -1.3560269566602302E-18 4.853960457946522E-20 -4.07412276519584E-18 -5.167791121525567E-18 3.89991836017111E-18 -3.483060483679859E-18 5.0569819097327355E-18 -3.908264777987893E-17 1.2110002077867147E-7 4.8450419624227745E-9 -1.977835313125562E-6 1.1421857300721305E-9 4.774910897154427E-10 -1.1789475709767563E-6 6.128513418410382E-8 -7.61579560697174E-7 -2.784612219986623E-10 -1.44754367460346E-10 -2.9243452755903096E-5 -9.542711850841316E-5 3.44505647974737E-6 5.837524538855686E-7 -5.149328346804095E-7 4.527288869811047E-9 
1.817581827063999E-17 1.0852837111364175E-18 -1.4277534419359283E-17 7.170041254279046E-18 -7.598611801448896E-18 2.519741038346782E-19 1.6700542888922583E-18 0.0 -9.972208223531034E-19 1.0016828413723675E-18 -2.2639899761363982E-18 -1.9164120431628545E-18 5.146506013068125E-18 7.457162262341103E-18 3.417529787987336E-18 -6.778775725554726E-18 4.051944072619519E-5 1.2010619401409874E-6 9.156632772059128E-6 -4.6881723164350025E-11 7.656740066548239E-12 -1.7411638434201437E-5 7.145562347589849E-7 8.19319971055022E-5 1.9776869776564313E-10 -4.659676125741001E-10 -6.691370021574992E-4 -0.003171375420645339 -5.5650858499759195E-5 -9.529283021257116E-6 -9.90792506239386E-7 1.7416315778893984E-8 
1.165199698066697E-19 6.932343460636421E-18 -4.810458926134782E-18 -2.9159340819800804E-18 -1.7126648024276717E-17 -1.0050849938727675E-17 1.3560269566602302E-18 9.972208223531034E-19 0.0 9.109131074320502E-18 6.417962023900933E-19 -7.972121691529612E-19 2.9110743958813314E-17 -5.826026821269464E-17 5.28308676709043E-19 6.646211760586978E-18 1.369604582609548E-9 -7.79563638191747E-10 -4.6155320838928326E-10 0.0020691874057284653 1.437521380908237E-5 -1.7540511419518198E-9 1.25091639011635E-8 -1.3311449360199987E-9 -0.020017231281864622 9.63913063050989E-8 -3.4532184339494524E-9 -1.510515356054568E-9 1.1338851114353056E-9 2.086513855404959E-10 -2.702484714656205E-10 -1.57366553061712E-9 
5.961791975207793E-18 -1.3520001949094126E-17 -1.6768915260211955E-17 -1.1780394850479594E-17 7.776387707402339E-18 1.8592422202683186E-17 -4.853960457946522E-20 -1.0016828413723675E-18 -9.109131074320502E-18 0.0 1.1091969727327456E-18 5.303340904774251E-18 -1.8743841542918928E-17 -2.1054794905128177E-17 1.7128169209423202E-17 -2.6433510833763732E-18 6.676288598181853E-10 4.089688544838232E-10 -5.972719923896432E-10 -7.2697680493889184E-6 0.0014548773567035387 9.146180122666278E-10 8.60995684442491E-10 -5.928891290168607E-10 -1.5141135509151578E-6 -7.172428550215654E-4 -1.5903756368637864E-8 -1.0249790300793498E-7 -3.4990806970303965E-10 -1.3170016441664006E-10 3.5478270232519883E-10 1.470351637599204E-10 
-5.451100177594598E-18 1.0726790812635462E-18 -2.8475395836093224E-18 5.894630699732775E-19 4.896642331319405E-19 8.75828164202431E-18 4.07412276519584E-18 2.2639899761363982E-18 -6.417962023900933E-19 -1.1091969727327456E-18 0.0 -3.837411468444215E-18 -5.3182573286833275E-17 -1.7863351233687783E-17 -2.928469290720043E-17 1.4136004333539343E-18 -7.065678940443028E-7 -3.871688399548248E-8 3.074177967808682E-5 4.395650299182687E-10 1.758995091618888E-9 -2.162313470571031E-5 9.194589635711298E-7 -5.679769206283003E-6 -6.446402478458261E-10 -1.4938252410630556E-9 0.0025626486990729834 0.017469766223535185 -3.1967714171100304E-5 -5.264391470278721E-6 -2.1706751517510798E-5 6.374387495217352E-10 
5.655597216196029E-19 3.3323598341494553E-18 1.4905968346134195E-17 1.9938669609756355E-18 -2.6020620464457106E-18 -1.2832837630141278E-17 5.167791121525567E-18 1.9164120431628545E-18 7.972121691529612E-19 -5.303340904774251E-18 3.837411468444215E-18 0.0 -1.8238897471830603E-16 -1.590772268693076E-17 -5.173803779783472E-17 -5.0263304128945654E-17 1.52890220131161E-6 4.8107452506787006E-8 -3.6723283440242424E-6 7.102584659209341E-9 2.4435359504632116E-10 -1.3502354823051894E-7 7.90013802276556E-9 -1.1567590590741864E-6 -3.902058353185756E-10 -1.8566194765396894E-9 -0.0010712397527904477 -0.035558687630837055 -2.205849707822921E-5 -3.241309128681747E-6 -5.841701452335355E-5 -1.5095695703785722E-9 
-1.6032249196380272E-17 -1.985898523339759E-18 3.451694332519246E-17 -4.2779465175527443E-19 -1.2466521729847935E-18 7.878213737742845E-18 -3.89991836017111E-18 -5.146506013068125E-18 -2.9110743958813314E-17 1.8743841542918928E-17 5.3182573286833275E-17 1.8238897471830603E-16 0.0 5.028354636298347E-18 4.4134423414836255E-17 -2.195834233109696E-17 3.7830845833510175E-5 9.270080235537047E-7 9.258082035074153E-6 -8.179837378514118E-10 -9.434859057300207E-10 -3.734473510777376E-5 1.4067249860060775E-6 5.129415573093343E-6 5.2009240277160135E-11 -1.652095918886495E-10 -6.29769222851747E-4 -6.138780760915289E-4 5.321624427527439E-6 5.993975198787612E-8 2.502422454822693E-5 -3.231336546343971E-8 
-6.334830372339354E-19 -1.3888896016260431E-18 1.555777012521373E-18 1.9690848779777306E-17 -2.4536214520966672E-17 -5.514013260238697E-18 3.483060483679859E-18 -7.457162262341103E-18 5.826026821269464E-17 2.1054794905128177E-17 1.7863351233687783E-17 1.590772268693076E-17 -5.028354636298347E-18 0.0 2.7722420148726257E-17 2.109755047512376E-17 2.8375361316051125E-6 7.351060189779417E-8 6.145951775907681E-7 -5.616880426025628E-11 -5.832147317465177E-10 -2.755056077936036E-6 1.0451804544913508E-7 3.119006710348414E-7 -1.9025793187777382E-10 3.813329489858413E-10 -4.529596195696633E-5 -4.0544633919904684E-5 3.4926464127929873E-7 9.367528304051789E-9 1.7723382273631463E-6 -1.531365564170779E-9 
1.325027536024193E-18 -1.784725716825025E-17 -2.0415743960094782E-18 7.655874206533491E-18 1.909439076035155E-17 -1.0108800558081915E-17 -5.0569819097327355E-18 -3.417529787987336E-18 -5.28308676709043E-19 -1.7128169209423202E-17 2.928469290720043E-17 5.173803779783472E-17 -4.4134423414836255E-17 -2.7722420148726257E-17 0.0 -1.1863159688798537E-16 4.05206218203581E-6 -6.396000847973653E-8 -3.6213176754637213E-4 6.374386688740342E-10 -8.54174503471203E-10 -3.4022787190982177E-6 -4.92045753064096E-8 -1.962047256529167E-4 -1.5887852265657387E-10 2.0497137505916946E-10 3.762154205689123E-4 -0.004469693542816784 -2.1970532269008404E-4 -3.947437934365624E-5 8.11463725607266E-5 -5.9093257375319986E-8 
4.164345668127774E-19 1.444959832652797E-18 -8.201244310557053E-18 -8.273900960431567E-18 -8.004155566145132E-18 -6.002931182587658E-18 3.908264777987893E-17 6.778775725554726E-18 -6.646211760586978E-18 2.6433510833763732E-18 -1.4136004333539343E-18 5.0263304128945654E-17 2.195834233109696E-17 -2.109755047512376E-17 1.1863159688798537E-16 0.0 -9.81407740226296E-10 -5.490490713865169E-10 1.6555421160630478E-8 4.993044541408714E-10 -6.258491213588837E-10 -3.4581375052225266E-9 -1.0127124032029375E-9 2.674958700596418E-8 -2.5587783120265216E-10 -7.15914260550943E-11 1.3467849802706878E-7 -4.3743419788467287E-7 4.816218083452867E-9 1.775897117574816E-9 -2.2099758098619982E-10 5.234461742205298E-10 
1.0976215672443181E-4 3.2915829378151263E-6 -1.2861392051729273E-4 -3.160202095300181E-10 -4.0479611978370403E-10 -4.888145605887434E-6 -1.2110002077867147E-7 -4.051944072619519E-5 -1.369604582609548E-9 -6.676288598181853E-10 7.065678940443028E-7 -1.52890220131161E-6 -3.7830845833510175E-5 -2.8375361316051125E-6 -4.05206218203581E-6 9.81407740226296E-10 0.0 -3.6355519526820345E-7 6.346020670501908E-4 -1.1409729227499117E-9 -5.274051849871326E-9 -1.2740209505230737E-4 4.8908326236716346E-6 6.237908361692066E-4 -2.808541488033873E-10 -2.833304422768862E-10 0.005300072290770797 0.007240926210552831 1.7266437361503415E-6 6.481223983089158E-7 -4.1866638779406976E-5 -7.906480133202455E-9 
3.498759105921782E-6 1.0046297104550416E-7 -3.7726609326834138E-6 9.70311142873737E-11 1.026574764281964E-9 -1.8020215377704046E-7 -4.8450419624227745E-9 -1.2010619401409874E-6 7.79563638191747E-10 -4.089688544838232E-10 3.871688399548248E-8 -4.8107452506787006E-8 -9.270080235537047E-7 -7.351060189779417E-8 6.396000847973653E-8 5.490490713865169E-10 3.6355519526820345E-7 0.0 1.899525971415993E-5 -5.541881678996833E-9 4.1660667534385464E-9 -4.178767749112845E-6 1.6258386871657203E-7 1.8486987371685483E-5 1.1603552462448747E-9 -1.5789597531062055E-9 1.597365279753984E-4 2.2383169982492993E-4 8.846506749470461E-8 2.5452760538225023E-8 -1.2273172120243E-6 9.755388302096685E-11 
-1.5355662976106283E-4 -4.537436850325767E-6 5.306217202850151E-4 3.2868575422968624E-10 1.0093747966819863E-9 6.332804844810789E-5 1.977835313125562E-6 -9.156632772059128E-6 4.6155320838928326E-10 5.972719923896432E-10 -3.074177967808682E-5 3.6723283440242424E-6 -9.258082035074153E-6 -6.145951775907681E-7 3.6213176754637213E-4 -1.6555421160630478E-8 -6.346020670501908E-4 -1.899525971415993E-5 0.0 1.7341025848484637E-9 2.4000285780249883E-9 6.893138403206105E-4 -2.9187141824238853E-5 2.0546320478959095E-5 -2.1188011563727245E-10 -1.8614926878703782E-9 -0.00384750646199251 -0.024578834024702165 -6.88649648447899E-5 -1.1405407982333632E-5 -1.7516261750534455E-5 1.7178556179303102E-7 
-4.8068250610711E-10 1.6634489791655246E-10 3.257344120177767E-10 -0.005559511875086331 -5.721460725422506E-7 -1.350842544611989E-10 -1.1421857300721305E-9 4.6881723164350025E-11 -0.0020691874057284653 7.2697680493889184E-6 -4.395650299182687E-10 -7.102584659209341E-9 8.179837378514118E-10 5.616880426025628E-11 -6.374386688740342E-10 -4.993044541408714E-10 1.1409729227499117E-9 5.541881678996833E-9 -1.7341025848484637E-9 0.0 2.6907528812648386E-9 -3.122654858623147E-9 3.8557185298805856E-9 1.2016903706616973E-10 0.012608831288256983 7.31535797577905E-5 -2.285527691697563E-9 -3.715738791592208E-8 1.2710951840909238E-9 -3.300487594128182E-9 -1.9755578493244874E-9 8.080174970817971E-9 
4.3772641134607166E-11 -1.641128065477297E-9 -2.011535449010219E-10 2.0981148899401443E-6 0.02878578075352598 -6.260451242742648E-10 -4.774910897154427E-10 -7.656740066548239E-12 -1.437521380908237E-5 -0.0014548773567035387 -1.758995091618888E-9 -2.4435359504632116E-10 9.434859057300207E-10 5.832147317465177E-10 8.54174503471203E-10 6.258491213588837E-10 5.274051849871326E-9 -4.1660667534385464E-9 -2.4000285780249883E-9 -2.6907528812648386E-9 0.0 -2.3668290474769634E-10 3.254445723032952E-9 -6.472785172212514E-9 2.2088370218123623E-4 -0.013006675510852047 6.751907620672723E-9 -7.042902376255107E-7 -1.189959610708578E-8 -7.457013888912486E-10 2.7772613905258567E-9 5.603987741505937E-10 
6.531633743402981E-6 2.296050140461173E-7 8.55756462894342E-5 -4.674393624483407E-12 1.4827587612502246E-10 3.851479808474993E-5 1.1789475709767563E-6 1.7411638434201437E-5 1.7540511419518198E-9 -9.146180122666278E-10 2.162313470571031E-5 1.3502354823051894E-7 3.734473510777376E-5 2.755056077936036E-6 3.4022787190982177E-6 3.4581375052225266E-9 1.2740209505230737E-4 4.178767749112845E-6 -6.893138403206105E-4 3.122654858623147E-9 2.3668290474769634E-10 0.0 3.7062327030867683E-7 -4.5344594048553143E-4 2.8920758053239376E-10 -1.7643647970290838E-9 -0.0051033840188573305 -0.02679955335892465 5.626018630389656E-5 1.1417178309582691E-5 -2.0613858628440308E-4 -1.6186329185082687E-8 
-2.238838382109639E-7 -6.863260252570025E-9 -3.6873518531870395E-6 3.434731659704154E-10 -4.771194269236204E-11 -1.6481623450553905E-6 -6.128513418410382E-8 -7.145562347589849E-7 -1.25091639011635E-8 -8.60995684442491E-10 -9.194589635711298E-7 -7.90013802276556E-9 -1.4067249860060775E-6 -1.0451804544913508E-7 4.92045753064096E-8 1.0127124032029375E-9 -4.8908326236716346E-6 -1.6258386871657203E-7 2.9187141824238853E-5 -3.8557185298805856E-9 -3.254445723032952E-9 -3.7062327030867683E-7 0.0 1.9235026907594247E-5 2.2013374274213344E-9 -6.496907910357741E-10 2.1520727565317444E-4 0.0011143424260826559 -3.0455180374409315E-6 -5.998493608266824E-7 8.792314857313978E-6 5.318113915765103E-9 
-9.614562091226982E-5 -2.835826557810941E-6 3.267278344314998E-6 6.644687466613583E-10 -6.621782912403345E-10 2.3916460449465407E-5 7.61579560697174E-7 -8.19319971055022E-5 1.3311449360199987E-9 5.928891290168607E-10 5.679769206283003E-6 1.1567590590741864E-6 -5.129415573093343E-6 -3.119006710348414E-7 1.962047256529167E-4 -2.674958700596418E-8 -6.237908361692066E-4 -1.8486987371685483E-5 -2.0546320478959095E-5 -1.2016903706616973E-10 6.472785172212514E-9 4.5344594048553143E-4 -1.9235026907594247E-5 0.0 -2.2062464486129538E-10 1.4027266417985993E-9 8.349474615536559E-4 0.023047203783396072 8.07638694830068E-4 1.387498832098731E-4 -8.15029084385351E-5 1.0687447884219289E-7 
-2.474285174581512E-10 5.721636669375125E-10 -1.2879426853391017E-10 -0.0016378977645850692 -5.9694047237007625E-6 -1.378235202869347E-10 2.784612219986623E-10 -1.9776869776564313E-10 0.020017231281864622 1.5141135509151578E-6 6.446402478458261E-10 3.902058353185756E-10 -5.2009240277160135E-11 1.9025793187777382E-10 1.5887852265657387E-10 2.5587783120265216E-10 2.808541488033873E-10 -1.1603552462448747E-9 2.1188011563727245E-10 -0.012608831288256983 -2.2088370218123623E-4 -2.8920758053239376E-10 -2.2013374274213344E-9 2.2062464486129538E-10 0.0 6.1123609933121E-10 4.377300573583332E-9 3.9939104915033816E-8 -1.2304571117430566E-9 -1.4213226959503804E-9 1.0553989763918914E-9 -1.2111596253068444E-9 
6.845648680283686E-10 1.344430735312994E-10 -6.50955153585072E-10 -4.574782738669314E-6 0.0017587633002285202 4.194846689728714E-11 1.44754367460346E-10 4.659676125741001E-10 -9.63913063050989E-8 7.172428550215654E-4 1.4938252410630556E-9 1.8566194765396894E-9 1.652095918886495E-10 -3.813329489858413E-10 -2.0497137505916946E-10 7.15914260550943E-11 2.833304422768862E-10 1.5789597531062055E-9 1.8614926878703782E-9 -7.31535797577905E-5 0.013006675510852047 1.7643647970290838E-9 6.496907910357741E-10 -1.4027266417985993E-9 -6.1123609933121E-10 0.0 -5.6747217702022275E-8 -5.426335939518972E-7 1.8936374793446637E-9 1.8422820807510007E-9 -3.6675552998986892E-9 7.884963582626629E-11 
-7.293647616976182E-4 -2.211651793708532E-5 -0.0010101555805566698 3.5238663027679194E-10 -5.560647461448097E-8 9.629901571523213E-4 2.9243452755903096E-5 6.691370021574992E-4 3.4532184339494524E-9 1.5903756368637864E-8 -0.0025626486990729834 0.0010712397527904477 6.29769222851747E-4 4.529596195696633E-5 -3.762154205689123E-4 -1.3467849802706878E-7 -0.005300072290770797 -1.597365279753984E-4 0.00384750646199251 2.285527691697563E-9 -6.751907620672723E-9 0.0051033840188573305 -2.1520727565317444E-4 -8.349474615536559E-4 -4.377300573583332E-9 5.6747217702022275E-8 0.0 0.12241589848761728 0.009650248566587307 0.0017364421175305156 -0.009952446253983975 7.721034904656404E-7 
-0.007066571075776704 -2.0420454340203448E-4 0.005927788549344576 9.70992352777139E-10 -1.6060752317549852E-7 0.003189132105952654 9.542711850841316E-5 0.003171375420645339 1.510515356054568E-9 1.0249790300793498E-7 -0.017469766223535185 0.035558687630837055 6.138780760915289E-4 4.0544633919904684E-5 0.004469693542816784 4.3743419788467287E-7 -0.007240926210552831 -2.2383169982492993E-4 0.024578834024702165 3.715738791592208E-8 7.042902376255107E-7 0.02679955335892465 -0.0011143424260826559 -0.023047203783396072 -3.9939104915033816E-8 5.426335939518972E-7 -0.12241589848761728 0.0 -0.1163528687887395 -0.02095437081227195 0.12533786800252017 6.359178535458157E-7 
-1.4332304766487633E-5 -2.1881228021827764E-7 3.4245149367970304E-4 -1.0916184242073992E-10 2.0379807162045148E-9 -1.1013603848318153E-4 -3.44505647974737E-6 5.5650858499759195E-5 -1.1338851114353056E-9 3.4990806970303965E-10 3.1967714171100304E-5 2.205849707822921E-5 -5.321624427527439E-6 -3.4926464127929873E-7 2.1970532269008404E-4 -4.816218083452867E-9 -1.7266437361503415E-6 -8.846506749470461E-8 6.88649648447899E-5 -1.2710951840909238E-9 1.189959610708578E-8 -5.626018630389656E-5 3.0455180374409315E-6 -8.07638694830068E-4 1.2304571117430566E-9 -1.8936374793446637E-9 -0.009650248566587307 0.1163528687887395 0.0 -2.6915323362711135E-5 0.003017089870684398 3.0075624823010084E-8 
-1.6042836324589724E-6 -1.28144666933692E-8 5.8925353733141515E-5 4.2438878621702286E-10 3.9529291674140797E-10 -1.8941796661333528E-5 -5.837524538855686E-7 9.529283021257116E-6 -2.086513855404959E-10 1.3170016441664006E-10 5.264391470278721E-6 3.241309128681747E-6 -5.993975198787612E-8 -9.367528304051789E-9 3.947437934365624E-5 -1.775897117574816E-9 -6.481223983089158E-7 -2.5452760538225023E-8 1.1405407982333632E-5 3.300487594128182E-9 7.457013888912486E-10 -1.1417178309582691E-5 5.998493608266824E-7 -1.387498832098731E-4 1.4213226959503804E-9 -1.8422820807510007E-9 -0.0017364421175305156 0.02095437081227195 2.6915323362711135E-5 0.0 5.148928796653054E-4 5.439980561296436E-9 
-9.399203291751538E-5 -2.787660509555829E-6 -4.785719880243625E-5 2.393663807803632E-10 -8.122301967039283E-10 1.643899445299315E-5 5.149328346804095E-7 9.90792506239386E-7 2.702484714656205E-10 -3.5478270232519883E-10 2.1706751517510798E-5 5.841701452335355E-5 -2.502422454822693E-5 -1.7723382273631463E-6 -8.11463725607266E-5 2.2099758098619982E-10 4.1866638779406976E-5 1.2273172120243E-6 1.7516261750534455E-5 1.9755578493244874E-9 -2.7772613905258567E-9 2.0613858628440308E-4 -8.792314857313978E-6 8.15029084385351E-5 -1.0553989763918914E-9 3.6675552998986892E-9 0.009952446253983975 -0.12533786800252017 -0.003017089870684398 -5.148928796653054E-4 0.0 3.04087909815188E-9 
-4.1651397860935317E-8 4.819133499478697E-10 -9.786365556764604E-8 -3.528411901522086E-10 -4.343149864725367E-10 2.5428887591668603E-9 -4.527288869811047E-9 -1.7416315778893984E-8 1.57366553061712E-9 -1.470351637599204E-10 -6.374387495217352E-10 1.5095695703785722E-9 3.231336546343971E-8 1.531365564170779E-9 5.9093257375319986E-8 -5.234461742205298E-10 7.906480133202455E-9 -9.755388302096685E-11 -1.7178556179303102E-7 -8.080174970817971E-9 -5.603987741505937E-10 1.6186329185082687E-8 -5.318113915765103E-9 -1.0687447884219289E-7 1.2111596253068444E-9 -7.884963582626629E-11 -7.721034904656404E-7 -6.359178535458157E-7 -3.0075624823010084E-8 -5.439980561296436E-9 -3.04087909815188E-9 0.0 
